228.22
225.12
224.23
224.23
226.96
227.48
222.72
223.45
222.01
222.91
225.91
230.1
233.67
233.4
231.41
230.57
230.76
235.86
236.48
235.0
232.15
231.78
233.85
231.3
227.55
229.04
229.54
225.77
221.69
226.8
225.67
226.78
226.21
233.0
227.79
227.52
226.37
227.37
226.47
228.2
228.87
220.69
216.79
216.32
222.5
222.77
222.66
220.11
220.91
220.82
222.38
220.85
222.77
229.0
229.79
226.49
228.03
227.18
226.84
224.53
226.4
226.51
225.89
226.05
224.72
221.72
221.27
217.53
216.24
213.31
209.82
207.23
209.27
219.86
218.36
222.08
218.8
218.24
217.96
217.49
218.54
225.01
223.96
224.31
224.18
228.88
234.82
234.4
230.54
227.57
232.98
228.68
227.82
226.34
221.55
220.27
216.75
210.62
214.1
213.25
209.07
208.14
207.49
209.68
214.29
216.67
212.49
214.24
213.07
207.15
193.12
196.89
194.48
195.87
194.35
194.03
192.25
191.29
190.29
189.99
189.98
186.88
190.9
192.35
191.04
189.87
189.84
189.72
187.43
186.28
183.05
184.57
182.74
182.4
181.71
183.38
173.03
169.3
170.33
173.5
169.3
169.89
169.02
166.9
165.84
165.0
167.04
168.0
169.38
172.69
176.55
175.04
167.78
169.67
168.45
169.58
168.82
169.65
168.84
170.03
171.48
173.31
169.71
170.85
172.28
171.37
178.67
176.08
173.72
172.62
173.0
171.13
173.23
172.75
170.73
169.0
169.12
170.12
175.1
179.66
180.75
181.42
182.63
181.16
182.52
184.37
182.32
181.56
182.31
183.86
184.15
185.04
187.15
188.85
188.32
189.41
189.3
187.68
185.85
186.86
184.4
188.04
191.73
192.42
194.17
194.5
195.18
193.89
191.56
188.63
182.68
183.63
185.92
185.59
186.19
185.14
185.56
181.18
181.91
184.25
185.64
192.53
193.58
193.15
193.05
193.6
194.68
194.83
196.94
195.89
197.57
198.11
197.96
194.71
193.18
195.71
194.27
192.32
193.42
189.43
191.24
189.95
189.37
190.4
189.79
189.97
191.31
190.64
191.45
189.69
189.71
188.01
