529.87
532.5
526.42
504.48
494.68
500.92
504.83
486.42
481.35
482.8
478.08
486.68
485.39
481.04
483.72
482.87
485.03
493.11
497.71
494.9
496.83
502.54
508.03
509.65
495.42
503.57
494.08
496.24
487.3
507.22
503.8
505.81
502.8
517.78
515.48
515.38
517.9
524.07
527.87
522.3
526.44
508.13
515.03
521.5
536.87
586.55
580.38
574.48
569.88
563.41
567.93
575.25
571.04
574.41
569.63
560.54
567.82
559.44
558.3
557.44
565.79
562.25
563.12
553.46
554.16
539.79
535.22
530.93
536.3
530.24
513.62
514.2
509.32
526.17
546.41
551.65
538.71
536.61
542.44
532.15
531.04
546.01
554.82
551.0
556.85
563.09
566.54
565.71
559.05
557.63
564.55
566.02
575.4
578.34
570.15
567.71
560.01
555.54
546.76
528.66
526.88
524.17
533.44
522.95
522.25
518.74
525.31
458.74
459.87
462.69
459.94
465.43
458.13
455.8
448.37
439.02
444.76
445.87
477.6
478.43
475.43
483.31
483.93
481.85
484.69
483.43
482.88
485.35
475.95
483.11
482.29
482.65
488.1
492.27
493.59
486.18
476.57
469.39
462.83
473.07
477.56
473.44
477.12
472.9
466.89
465.02
473.18
474.45
476.22
470.1
474.09
484.28
487.22
492.55
484.28
485.12
487.11
497.01
499.21
502.09
504.6
504.4
507.6
507.23
499.52
511.25
519.14
521.19
513.86
492.46
570.45
573.55
579.14
560.42
551.69
556.04
543.09
544.84
567.94
570.93
560.28
551.82
552.49
560.48
553.44
537.57
538.52
541.91
546.66
590.44
604.66
601.89
611.84
627.21
615.86
615.85
607.14
630.5
634.76
627.91
617.78
627.96
630.23
613.93
622.58
606.48
597.18
603.59
611.55
593.7
596.1
597.68
596.54
597.49
591.03
586.2
580.55
564.6
567.05
571.79
580.07
596.6
595.52
596.08
598.26
598.75
600.14
596.06
604.64
599.13
584.68
584.64
624.26
633.66
625.2
610.01
608.78
595.7
602.22
604.56
612.47
611.01
617.39
623.32
619.27
619.43
619.72
610.99
612.7
602.66
602.06
595.31
