278.84
284.72
319.13
324.24
270.74
255.58
254.31
193.96
186.27
182.88
179.25
211.74
219.66
216.1
205.04
209.16
198.93
210.72
213.72
220.21
204.2
210.48
196.34
196.35
176.38
164.27
166.97
167.69
168.92
170.91
163.1
164.47
165.01
178.17
191.23
179.93
167.08
171.68
170.22
170.09
168.24
162.64
162.45
161.5
163.05
162.89
157.15
158.46
155.05
147.35
159.7
163.22
169.13
183.36
188.28
190.2
198.3
204.0
211.4
198.43
206.23
197.25
204.46
205.31
197.12
195.96
197.94
191.74
196.29
192.32
178.91
194.17
189.47
204.44
212.64
224.36
224.46
234.2
242.93
231.52
245.06
257.63
265.15
257.79
233.24
249.1
251.49
242.85
218.02
214.63
219.56
219.97
220.56
223.68
224.94
227.51
233.37
222.23
224.0
214.58
221.71
212.31
225.86
235.03
235.95
245.1
244.5
247.64
254.96
244.2
249.81
244.16
257.08
251.4
244.2
231.39
225.92
234.76
236.65
245.0
237.65
218.86
231.51
225.78
225.19
207.6
199.17
219.91
203.05
199.51
200.92
210.45
211.2
214.34
226.93
223.25
228.85
210.09
203.93
218.16
236.32
223.61
224.37
236.43
225.86
211.01
218.08
213.78
218.83
223.41
245.75
263.01
250.99
242.95
256.99
240.9
249.61
251.58
245.84
252.11
265.12
256.7
266.81
279.71
255.51
262.0
256.88
230.12
239.62
242.36
233.67
251.73
256.14
254.17
256.62
242.62
238.55
216.77
229.15
205.77
203.56
200.8
199.22
193.94
165.98
170.91
162.41
173.3
180.31
165.67
160.38
140.39
147.31
141.99
132.55
122.07
119.79
117.3
129.22
128.95
128.2
130.82
132.82
125.2
121.01
121.34
124.19
128.21
124.75
124.34
133.86
133.88
130.78
141.16
151.29
151.99
159.42
153.98
155.6
152.24
156.88
173.92
186.36
185.24
172.05
175.48
168.03
161.86
161.16
153.43
147.9
153.63
150.46
139.62
138.02
146.62
136.19
134.63
140.2
141.09
133.76
124.72
127.82
128.27
119.77
115.54
109.25
105.49
106.1
99.05
96.92
98.15
