26.99
28.93
30.47
33.41
31.91
27.695
35.955
33.94
34.34
30.56
35.34
40.03
51.51
47.36
38.95
34.95
35.91
34.39
31.3
29.58
29.9
31.26
27.06
29.95
25.28
24.12
20.57
21.8
18.39
16.5
16.17
15.81
16.16
16.07
14.75
13.98
14.13
12.79
12.15
13.55
14.7
15.62
16.14
17.28
17.97
16.075
16.68
18.63
18.04
17.1
17.4
16.98
18.08
19.5
19.84
20.1
20.99
21.72
22.81
22.7
24.2
21.415
22.24
23.06
23.57
23.97
23.98
24.88
26.21
26.34
25.72
27.11
26.98
29.21
27.2
28.74
28.78
30.15
31.45
31.05
30.62
32.91
34.7
34.99
37.38
36.44
36.89
40.58
30.89
29.86
28.8
29.9
30.32
29.17
31.1
31.73
33.08
32.75
36.73
39.25
36.37
33.52
27.66
26.75
31.31
34.72
37.05
39.93
40.93
39.31
42.09
44.59
46.02
46.75
45.49
46.74
49.09
51.84
51.12
49.93
45.81
43.91
44.59
44.19
48.38
50.915
52.15
52.51
53.4
51.65
50.99
54.39
49.26
47.67
49.18
47.93
48.68
45.13
49.93
46.69
41.54
38.49
35.67
32.57
35.5
36.38
33.19
26.4
22.84
26.61
32.59
32.41
34.26
37.47
37.17
40.59
46.15
48.81
51.6
48.66
61.96
66.22
57.99
49.95
36.94
42.81
42.9
36.42
35.575
38.98
41.08
40.19
40.19
39.09
39.98
41.27
40.19
46.5
45.91
38.94
41.16
45.16
45.63
47.23
49.68
46.68
43.16
44.88
48.54
50.56
43.55
41.32
45.32
47.03
47.66
45.64
45.49
47.58
40.6
40.22
37.95
37.8
36.21
38.18
34.91
38.15
50.75
49.69
26.38
25.58
23.05
22.35
17.32
16.92
17.08
17.23
17.24
17.23
17.35
17.44
17.45
17.5
17.73
17.95
18.17
16.97
17.26
17.44
17.83
17.83
17.59
17.9
17.95
17.5
17.35
17.17
17.07
17.26
17.29
17.66
17.48
17.36
17.67
18.14
18.08
18.15
17.06
17.38
16.62
16.18
16.68
15.925
