211.48
214.1
208.91
206.84
208.18
210.05
207.09
199.5
195.78
197.93
186.4
192.73
190.83
188.39
187.83
186.38
184.71
189.7
189.07
188.99
187.53
186.89
187.69
187.54
188.82
186.65
185.17
182.72
180.8
186.51
181.96
184.76
185.13
186.33
187.97
191.16
192.53
193.96
193.88
191.6
189.87
186.43
186.88
184.89
186.49
187.0
184.52
179.55
175.4
171.39
177.89
173.33
176.25
178.5
172.12
170.8
173.12
175.5
177.04
176.13
180.11
178.88
178.22
177.06
177.59
170.1
170.23
166.8
166.94
165.8
162.77
161.93
161.02
167.9
184.07
186.98
181.71
183.2
182.5
179.85
180.83
186.41
182.55
183.13
183.75
187.93
193.02
192.72
194.49
195.05
199.79
199.34
199.29
200.0
197.59
200.0
197.2
193.25
197.85
193.61
186.34
185.57
189.08
186.1
182.81
184.06
183.66
183.83
186.89
187.23
187.06
184.3
185.0
181.28
179.34
178.34
176.44
179.32
182.02
182.15
180.75
181.05
183.13
183.15
183.54
184.7
183.63
185.99
187.07
186.57
187.48
189.5
188.0
188.76
188.7
186.21
184.72
179.0
175.0
180.96
179.62
173.67
176.59
179.54
177.23
174.63
179.22
181.28
183.32
183.62
186.13
189.05
185.95
185.67
185.19
185.07
180.0
182.41
180.69
180.97
180.38
179.83
178.3
179.71
178.87
178.15
178.15
175.9
174.48
174.42
178.75
176.555
175.39
171.96
175.35
176.82
173.51
174.12
177.58
178.22
176.76
173.16
173.54
174.73
174.99
174.58
168.59
167.08
169.51
169.8
170.98
168.64
172.34
174.45
169.84
170.53
169.15
170.31
171.81
159.28
155.2
159.0
161.26
159.12
157.75
156.87
156.02
154.78
155.34
153.5
151.71
153.16
154.62
155.18
153.73
151.37
149.1
145.24
144.57
148.47
149.93
151.94
153.38
153.34
153.41
153.42
153.84
152.12
153.79
154.07
149.97
147.42
148.84
147.48
145.89
147.42
146.88
144.52
146.88
144.84
147.03
146.09
146.32
147.03
147.73
146.74
146.71
143.9
146.13
145.18
142.83
143.2
