109.08
115.09
108.92
89.99
87.12
85.55
81.92
79.57
78.44
78.99
78.21
80.01
80.39
79.87
79.05
79.82
79.66
81.61
82.66
82.68
81.63
81.85
81.93
83.68
83.24
82.71
83.41
82.58
80.86
82.43
78.14
79.1
78.45
80.14
79.21
80.75
79.26
80.33
80.11
78.72
78.68
75.22
74.45
73.58
72.45
71.31
71.52
68.17
68.13
67.01
70.11
70.22
71.26
74.07
73.27
72.53
74.53
74.95
76.14
74.3
76.14
74.87
75.16
74.55
74.85
71.59
69.9
68.31
69.3
68.55
63.89
54.22
52.26
54.43
58.17
61.2
59.2
59.87
59.94
59.44
59.27
62.66
62.69
63.16
63.11
64.81
69.72
64.21
64.89
65.31
65.61
66.13
67.34
67.63
66.73
66.06
64.63
66.05
66.37
65.45
64.78
64.31
65.03
63.88
64.25
66.52
67.66
64.69
65.47
63.82
63.01
61.59
61.46
61.25
60.68
59.7
59.15
58.54
58.37
58.19
56.97
57.64
58.7
57.02
58.91
58.53
57.81
58.77
58.03
58.78
58.94
62.45
62.73
77.05
77.37
74.46
72.0
70.4
70.2
72.48
71.33
70.55
72.26
74.01
70.55
69.67
69.51
69.41
68.7
68.57
70.0
71.57
71.98
74.92
74.38
75.28
74.81
75.64
78.12
78.19
77.17
78.62
78.53
78.42
78.72
79.59
81.33
77.53
77.52
77.15
78.42
78.68
76.36
74.97
76.16
75.33
74.01
73.47
75.77
76.59
76.37
75.56
76.63
77.56
76.24
75.03
75.59
78.62
81.29
84.0
80.67
77.18
89.12
90.72
87.87
85.17
81.56
81.4
82.93
76.72
80.07
82.33
83.54
81.55
80.49
80.73
81.14
80.26
80.01
77.52
80.32
81.32
81.4
81.3
81.1
80.11
77.69
74.51
73.42
71.82
73.83
77.9
79.11
78.34
78.21
76.83
76.14
75.42
78.35
77.13
76.82
77.54
73.86
72.5
72.81
72.52
71.86
71.14
74.72
72.52
73.86
72.82
73.33
73.51
73.79
70.35
70.96
69.73
69.51
68.34
67.28
67.85
