577.16
580.0
584.82
583.17
589.34
591.7
572.05
572.43
560.68
567.16
567.58
591.8
593.28
578.16
573.25
567.78
563.69
582.01
575.16
576.47
576.93
576.79
586.27
590.42
589.95
583.83
590.51
592.89
584.78
595.94
582.77
572.81
576.47
572.44
567.36
567.84
568.31
563.33
564.41
561.35
559.1
537.95
536.315
533.28
524.62
525.6
511.83
504.79
504.79
500.27
516.86
512.74
511.76
521.31
518.22
516.78
519.1
521.12
528.0
531.93
535.16
526.73
529.28
527.42
537.33
526.76
528.54
515.95
517.77
509.63
488.92
494.09
475.73
488.14
497.74
474.83
463.19
465.71
465.7
453.41
461.27
488.69
487.4
476.79
475.85
461.99
489.79
496.16
498.87
512.7
534.69
530.0
529.32
539.91
509.96
509.5
504.68
504.22
519.56
513.12
510.6
498.91
494.78
501.7
499.49
506.63
504.16
504.1
508.84
507.47
502.6
492.96
493.76
495.06
476.99
477.49
466.83
467.05
474.36
479.92
478.22
465.78
467.78
464.63
468.84
471.91
473.23
481.54
471.85
468.01
476.2
475.42
472.6
468.24
465.68
451.96
441.68
439.19
430.17
432.62
443.29
441.38
493.5
496.1
481.73
481.07
501.8
494.17
499.76
500.23
511.9
523.16
519.83
516.9
519.25
527.34
510.92
506.74
497.37
491.35
485.58
493.86
495.89
503.02
509.58
507.76
505.52
496.24
496.98
484.1
491.83
495.57
499.75
483.59
505.95
512.19
496.09
490.22
498.19
502.3
490.13
484.02
487.05
481.74
484.03
486.13
468.03
471.75
473.32
484.03
473.28
460.12
468.9
468.11
470.0
469.59
454.72
459.41
474.99
394.78
390.14
400.06
401.02
394.14
393.18
390.7
385.2
381.78
383.45
376.13
368.37
367.46
374.49
369.67
370.47
357.43
358.66
351.95
347.12
344.47
346.29
353.96
358.32
357.83
354.83
353.39
354.09
349.28
350.36
344.62
334.92
333.17
334.74
334.22
325.28
332.75
326.59
317.45
318.29
320.02
324.82
327.15
332.2
338.99
334.7
338.23
341.49
336.98
339.97
335.04
334.19
332.71
