146.76
146.27
148.29
145.26
147.63
148.88
145.61
139.91
136.05
135.4
132.76
139.335
141.25
140.52
141.54
140.41
139.56
143.59
143.71
138.0
136.93
135.72
131.6
138.07
134.8
134.81
132.65
132.89
127.72
124.92
122.85
118.85
117.0
121.44
121.4
124.04
123.51
120.87
116.26
116.0
117.87
113.37
115.59
116.78
119.1
119.14
116.91
108.1
106.47
102.83
107.21
106.21
108.0
119.37
117.59
125.61
128.3
126.46
129.37
123.74
128.5
127.25
130.0
124.58
122.86
118.08
116.14
109.02
104.75
104.97
98.91
104.25
100.45
107.27
109.21
117.02
103.73
111.59
113.06
112.28
114.25
122.59
123.54
117.93
121.09
117.99
126.36
128.44
129.24
127.4
134.91
131.38
128.2
125.83
128.28
122.67
124.3
123.54
123.99
126.4
126.09
118.11
126.57
130.78
135.58
130.98
131.88
129.61
125.2
120.91
121.79
120.888
120.998
122.44
116.437
115.0
109.633
110.5
114.825
113.901
106.469
103.799
94.95
95.386
94.78
92.479
94.359
94.63
91.356
90.399
89.878
88.747
90.412
90.554
92.14
88.789
85.817
83.041
86.402
87.757
87.735
82.632
79.677
82.423
79.518
76.2
84.671
84.035
87.415
86.001
88.186
90.616
87.039
85.354
87.133
88.008
85.905
88.964
89.452
90.363
90.356
90.25
92.561
95.002
94.289
91.435
90.372
89.398
88.455
87.8365
87.944
90.888
91.913
85.774
87.528
92.669
88.7
85.964
85.237
82.279
79.112
77.663
78.701
79.092
78.817
78.538
67.472
69.452
72.613
72.658
73.9
72.128
72.248
72.133
69.641
70.099
68.223
69.332
66.16
63.027
61.527
62.774
62.465
61.031
61.617
61.362
59.873
59.654
59.491
57.107
56.053
56.382
54.71
54.822
54.35
53.14
52.253
49.097
47.998
47.569
48.168
49.522
49.522
49.417
49.279
48.83
48.99
48.111
49.604
50.077
48.89
48.35
48.088
47.657
46.627
47.506
46.596
45.503
46.566
45.51
46.765
46.77
48.14
47.821
48.242
47.776
48.716
49.944
50.409
49.298
49.48
48.888
