153.47
154.99
155.65
153.28
149.78
150.91
147.29
150.99
149.99
150.84
150.04
148.52
147.93
149.3
151.16
150.18
148.05
149.19
150.91
156.84
155.89
158.87
160.69
157.97
158.46
155.97
154.33
151.32
149.0
152.88
149.6
150.4
152.2
155.86
155.18
155.98
155.07
156.18
155.29
154.75
156.49
153.6
151.96
152.84
151.36
148.44
147.29
148.01
150.59
151.28
151.9
152.48
151.8
153.62
153.42
156.86
158.68
158.9
158.5
156.82
159.25
144.33
144.63
144.04
141.66
135.76
136.66
135.02
135.5
133.97
133.47
133.85
133.87
139.17
147.02
150.41
147.95
146.82
149.0
146.29
146.45
150.27
151.02
149.73
152.09
155.93
155.01
151.3
152.85
151.4
146.11
147.6
148.72
145.65
144.8
145.39
145.74
148.04
146.72
147.17
146.77
149.69
146.13
143.38
142.54
144.97
141.16
144.68
146.78
146.19
148.52
146.0
145.13
147.35
150.55
153.03
156.16
149.87
147.74
147.1
145.23
144.41
143.27
155.78
156.71
160.13
160.65
157.51
158.96
160.9
163.13
164.32
159.59
160.41
158.35
158.04
158.12
156.43
160.98
163.73
164.74
164.44
165.34
166.51
167.11
168.3
166.58
164.47
163.32
165.01
166.12
171.33
171.62
171.63
169.7
171.77
172.22
175.49
176.24
177.82
177.21
174.67
172.64
172.66
168.63
170.17
170.46
168.21
167.59
164.22
164.31
166.67
167.57
168.07
169.72
171.54
173.54
168.58
150.49
155.29
152.92
151.44
151.99
150.15
151.48
150.34
148.79
149.89
149.61
146.33
145.03
146.11
149.4
146.53
147.4
146.73
144.43
142.33
145.49
144.42
139.08
140.52
141.52
142.53
142.18
139.2
140.88
140.36
138.14
137.4
138.74
141.07
140.91
142.02
144.09
143.77
141.73
140.75
140.25
138.67
143.1
142.42
142.54
142.38
141.03
140.2
139.37
136.9
139.58
137.72
138.37
141.14
138.38
135.66
136.76
135.19
135.19
133.38
132.88
133.71
134.78
133.81
131.32
131.67
131.33
131.46
130.5
130.8
129.65
129.89
129.94
130.46
